Open,High,Low,Close,Adj Close,Volume,Date,Day,Month,Year
462.6099853515625,465.3999938964844,460.55999755859375,461.7300109863281,458.6376647949219,994700,2024-05-01,1,5,2024
461.1000061035156,463.6000061035156,459.0,463.20001220703125,460.09783935546875,1011400,2024-05-02,2,5,2024
462.92999267578125,462.92999267578125,457.1700134277344,461.9100036621094,458.81646728515625,910700,2024-05-03,3,5,2024
463.1600036621094,463.5,460.17999267578125,462.7799987792969,459.6806335449219,796300,2024-05-06,6,5,2024
464.0,466.80999755859375,463.1600036621094,466.67999267578125,463.55450439453125,723400,2024-05-07,7,5,2024
467.5,468.0,463.7799987792969,466.1600036621094,463.0379943847656,599000,2024-05-08,8,5,2024
466.0799865722656,468.760009765625,465.2099914550781,468.3900146484375,465.2530822753906,594800,2024-05-09,9,5,2024
469.0,470.6199951171875,467.9800109863281,468.8800048828125,465.7397766113281,482500,2024-05-10,10,5,2024
469.8800048828125,472.3500061035156,469.5,470.55999755859375,467.40850830078125,634300,2024-05-13,13,5,2024
471.1099853515625,471.1099853515625,466.79998779296875,467.17999267578125,464.0511474609375,565500,2024-05-14,14,5,2024
466.2799987792969,467.3999938964844,463.510009765625,464.0799865722656,460.9718933105469,803900,2024-05-15,15,5,2024
463.6000061035156,468.32000732421875,453.0,464.8299865722656,461.7168884277344,1130800,2024-05-16,16,5,2024
465.8399963378906,467.0,463.1499938964844,466.20001220703125,463.0777282714844,677200,2024-05-17,17,5,2024
467.7699890136719,468.7699890136719,464.9200134277344,467.0799865722656,463.9518127441406,735200,2024-05-20,20,5,2024
468.0,469.1199951171875,466.8399963378906,468.30999755859375,465.173583984375,558900,2024-05-21,21,5,2024
467.4700012207031,469.8999938964844,466.7799987792969,469.7099914550781,466.564208984375,548700,2024-05-22,22,5,2024
468.0899963378906,469.67999267578125,466.2300109863281,467.0799865722656,463.9518127441406,867000,2024-05-23,23,5,2024
467.6700134277344,468.6600036621094,465.4700012207031,467.3500061035156,464.22003173828125,513700,2024-05-24,24,5,2024
465.6099853515625,466.0,457.25,458.4800109863281,455.409423828125,1150400,2024-05-28,28,5,2024
455.9800109863281,456.0,451.79998779296875,452.7200012207031,449.68798828125,1268000,2024-05-29,29,5,2024
455.0,462.94000244140625,455.0,460.94000244140625,457.8529357910156,1173600,2024-05-30,30,5,2024
460.8999938964844,470.3599853515625,459.489990234375,470.3399963378906,467.19000244140625,1651600,2024-05-31,31,5,2024
466.0,470.5199890136719,465.010009765625,467.6000061035156,467.6000061035156,990100,2024-06-03,3,6,2024
467.510009765625,470.1600036621094,466.1600036621094,468.8900146484375,468.8900146484375,845800,2024-06-04,4,6,2024
468.4200134277344,468.8500061035156,463.6199951171875,465.2300109863281,465.2300109863281,915300,2024-06-05,5,6,2024
465.2300109863281,469.7900085449219,464.3500061035156,468.6199951171875,468.6199951171875,768100,2024-06-06,6,6,2024
468.80999755859375,475.2900085449219,468.6199951171875,470.1300048828125,470.1300048828125,1042800,2024-06-07,7,6,2024
470.75,470.75,465.760009765625,467.4599914550781,467.4599914550781,900400,2024-06-10,10,6,2024
465.67999267578125,466.5799865722656,462.5799865722656,462.79998779296875,462.79998779296875,908300,2024-06-11,11,6,2024
462.29998779296875,463.2300109863281,457.6700134277344,459.1099853515625,459.1099853515625,1026400,2024-06-12,12,6,2024
458.6400146484375,459.75,456.010009765625,458.55999755859375,458.55999755859375,742000,2024-06-13,13,6,2024
456.5,458.55999755859375,454.44000244140625,458.3399963378906,458.3399963378906,702800,2024-06-14,14,6,2024
457.75,459.19000244140625,456.30999755859375,459.010009765625,459.010009765625,669700,2024-06-17,17,6,2024
459.79998779296875,460.70001220703125,457.3900146484375,460.0,460.0,657900,2024-06-18,18,6,2024
460.0,467.489990234375,459.1600036621094,466.3399963378906,466.3399963378906,1041400,2024-06-20,20,6,2024
467.1499938964844,469.79998779296875,463.6499938964844,467.6000061035156,467.6000061035156,3365200,2024-06-21,21,6,2024
468.9599914550781,475.69000244140625,467.82000732421875,471.510009765625,471.510009765625,1031500,2024-06-24,24,6,2024
470.82000732421875,471.6199951171875,466.6600036621094,468.07000732421875,468.07000732421875,715800,2024-06-25,25,6,2024
467.0,468.1000061035156,463.7200012207031,466.989990234375,466.989990234375,932100,2024-06-26,26,6,2024
468.8800048828125,468.8800048828125,465.30999755859375,467.1300048828125,467.1300048828125,871000,2024-06-27,27,6,2024
470.04998779296875,471.75,464.8699951171875,467.1000061035156,467.1000061035156,3472500,2024-06-28,28,6,2024
470.7699890136719,471.67999267578125,464.760009765625,466.44000244140625,466.44000244140625,562500,2024-07-01,1,7,2024
465.6000061035156,466.6700134277344,464.0199890136719,465.70001220703125,465.70001220703125,502500,2024-07-02,2,7,2024
465.489990234375,466.4700012207031,464.1300048828125,466.0299987792969,466.0299987792969,313300,2024-07-03,3,7,2024
